# BRON: KONINKLIJK NEDERLANDS METEOROLOGISCH INSTITUUT (KNMI)
# Opmerking: door stationsverplaatsingen en veranderingen in waarneemmethodieken zijn deze tijdreeksen van dagwaarden mogelijk inhomogeen! Dat betekent dat deze reeks van gemeten waarden niet geschikt is voor trendanalyse. Voor studies naar klimaatverandering verwijzen we naar de gehomogeniseerde reeks maandtemperaturen van De Bilt <http://www.knmi.nl/kennis-en-datacentrum/achtergrond/gehomogeniseerde-reeks-maandtemperaturen-de-bilt> of de Centraal Nederland Temperatuur <http://www.knmi.nl/kennis-en-datacentrum/achtergrond/centraal-nederland-temperatuur-cnt>.
# 
# 
# STN      LON(east)   LAT(north)     ALT(m)  NAME
# 242:         4.921       53.241      10.80  VLIELAND
# 
# YYYYMMDD = Datum (YYYY=jaar MM=maand DD=dag); 
# VVN      = Minimum opgetreden zicht; 0: <100 m, 1:100-200 m, 2:200-300 m,..., 49:4900-5000 m, 50:5-6 km, 56:6-7 km, 57:7-8 km,..., 79:29-30 km, 80:30-35 km, 81:35-40 km,..., 89: >70 km)
# VVXH     = Uurvak waarin VVX is gemeten; 
# 
# STN,YYYYMMDD,  VVN, VVXH
# 
  242,20180101,   34,   20
  242,20180102,   29,   13
  242,20180103,   17,    5
  242,20180104,   36,   22
  242,20180105,   56,   13
  242,20180106,   62,   12
  242,20180107,   75,   15
  242,20180108,   75,    1
  242,20180109,   37,    1
  242,20180110,    1,    1
  242,20180111,    0,   22
  242,20180112,    6,   14
  242,20180113,   10,    7
  242,20180114,   49,   11
  242,20180115,   26,   23
  242,20180116,   56,   24
  242,20180117,   50,    3
  242,20180118,   34,   22
  242,20180119,   42,    2
  242,20180120,   42,   23
  242,20180121,   56,   14
  242,20180122,   22,    7
  242,20180123,   32,    8
  242,20180124,   30,    9
  242,20180125,   56,   16
  242,20180126,   29,   24
  242,20180127,   20,   14
  242,20180128,   50,   24
  242,20180129,   27,    3
  242,20180130,   58,   18
  242,20180131,   11,   13
  242,20180201,   31,   12
  242,20180202,   57,   23
  242,20180203,   62,   23
  242,20180204,   64,    2
  242,20180205,   65,   14
  242,20180206,   56,   16
  242,20180207,   65,   10
  242,20180208,   50,   14
  242,20180209,   18,   11
  242,20180210,   22,   14
  242,20180211,   28,    6
  242,20180212,   59,   24
  242,20180213,   59,   13
  242,20180214,   74,   10
  242,20180215,    8,   18
  242,20180216,   42,    1
  242,20180217,    2,   11
  242,20180218,   24,   10
  242,20180219,   32,   19
  242,20180220,   14,   13
  242,20180221,   23,   16
  242,20180222,   35,   12
  242,20180223,   41,    8
  242,20180224,   71,   14
  242,20180225,   15,   14
  242,20180226,    9,   15
  242,20180227,    8,   11
  242,20180228,   16,    9
  242,20180301,   70,   18
  242,20180302,   68,    1
  242,20180303,   59,    2
  242,20180304,   11,    1
  242,20180305,   25,   14
  242,20180306,    1,    1
  242,20180307,    8,   15
  242,20180308,    2,   13
  242,20180309,   42,   13
  242,20180310,    1,   14
  242,20180311,    0,   13
  242,20180312,    6,   14
  242,20180313,    6,   11
  242,20180314,    2,   14
  242,20180315,   59,   14
  242,20180316,   37,   21
  242,20180317,   72,    3
  242,20180318,   80,    3
  242,20180319,   59,    1
  242,20180320,   50,    3
  242,20180321,   30,   13
  242,20180322,   15,   15
  242,20180323,   25,   11
  242,20180324,   22,   14
  242,20180325,    2,   20
  242,20180326,    4,   10
  242,20180327,   10,    8
  242,20180328,    3,   16
  242,20180329,   38,   13
  242,20180330,   50,   14
  242,20180331,   23,   12
  242,20180401,   30,   14
  242,20180402,   26,    6
  242,20180403,   43,   12
  242,20180404,   28,   11
  242,20180405,   41,    1
  242,20180406,   60,   16
  242,20180407,   60,    9
  242,20180408,    2,    1
  242,20180409,   22,   12
  242,20180410,   24,   12
  242,20180411,   56,    9
  242,20180412,   19,   13
  242,20180413,   10,   11
  242,20180414,    1,    7
  242,20180415,    1,   15
  242,20180416,   35,    8
  242,20180417,   64,   24
  242,20180418,   57,    1
  242,20180419,   50,   17
  242,20180420,   20,    1
  242,20180421,   45,   15
  242,20180422,   50,   11
  242,20180423,   38,    8
  242,20180424,   41,   13
  242,20180425,   50,   15
  242,20180426,   59,    2
  242,20180427,   57,   16
  242,20180428,   50,   12
  242,20180429,   27,    7
  242,20180430,   19,   19
  242,20180501,   38,   19
  242,20180502,   56,   13
  242,20180503,   65,   15
  242,20180504,   49,   17
  242,20180505,   58,   18
  242,20180506,   58,   11
  242,20180507,   64,   10
  242,20180508,   65,   18
  242,20180509,   38,    1
  242,20180510,   58,   11
  242,20180511,   62,   13
  242,20180512,   62,   14
  242,20180513,    3,    2
  242,20180514,    4,   12
  242,20180515,   56,   10
  242,20180516,   57,   10
  242,20180517,     ,     
  242,20180518,     ,     
  242,20180519,     ,     
  242,20180520,     ,     
  242,20180521,     ,     
  242,20180522,     ,     
  242,20180523,   63,    5
  242,20180524,   62,   17
  242,20180525,   61,    1
  242,20180526,   70,   10
  242,20180527,   57,   10
  242,20180528,   34,   11
  242,20180529,   23,   17
  242,20180530,    1,   16
  242,20180531,    4,   10
  242,20180601,    6,    8
  242,20180602,    1,    5
  242,20180603,    2,   15
  242,20180604,    4,   12
  242,20180605,   58,    4
  242,20180606,   50,   10
  242,20180607,    2,   10
  242,20180608,   18,   19
  242,20180609,   58,   15
  242,20180610,   64,   12
  242,20180611,   70,    5
  242,20180612,   69,   13
  242,20180613,   64,   16
  242,20180614,   43,    9
  242,20180615,   63,    6
  242,20180616,   63,   18
  242,20180617,   61,    8
  242,20180618,   38,   14
  242,20180619,   31,   15
  242,20180620,   56,    1
  242,20180621,   57,    5
  242,20180622,   57,   23
  242,20180623,   63,   12
  242,20180624,   48,    3
  242,20180625,   62,    9
  242,20180626,   66,    9
  242,20180627,     ,     
  242,20180628,     ,     
  242,20180629,   60,    7
  242,20180630,   65,   10
  242,20180701,   75,   24
  242,20180702,   70,    1
  242,20180703,   70,   11
  242,20180704,   65,    6
  242,20180705,   65,   10
  242,20180706,   69,   13
  242,20180707,   65,    9
  242,20180708,   65,    7
  242,20180709,   64,   13
  242,20180710,   58,    1
  242,20180711,   60,   10
  242,20180712,   61,   12
  242,20180713,   68,   14
  242,20180714,   65,    7
  242,20180715,   70,   14
  242,20180716,   70,   11
  242,20180717,   59,    9
  242,20180718,   65,   14
  242,20180719,   63,    8
  242,20180720,   65,    9
  242,20180721,     ,     
  242,20180722,     ,     
  242,20180723,   65,   11
  242,20180724,   42,    9
  242,20180725,   57,   13
  242,20180726,   57,   23
  242,20180727,   64,   24
  242,20180728,   57,    8
  242,20180729,   59,   18
  242,20180730,   69,   13
  242,20180731,   29,    8
  242,20180801,   50,   12
  242,20180802,   58,   10
  242,20180803,   57,   16
  242,20180804,   58,   10
  242,20180805,   65,   14
  242,20180806,   70,    9
  242,20180807,   61,   16
  242,20180808,   63,   16
  242,20180809,   45,    8
  242,20180810,   56,   16
  242,20180811,   66,   18
  242,20180812,   62,   17
  242,20180813,   50,    9
  242,20180814,   36,   15
  242,20180815,   63,   10
  242,20180816,   36,   17
  242,20180817,   70,   13
  242,20180818,   62,    6
  242,20180819,   29,    3
  242,20180820,   47,   10
  242,20180821,   27,    8
  242,20180822,   27,   11
  242,20180823,   50,   19
  242,20180824,   62,   23
  242,20180825,   58,   13
  242,20180826,   39,   18
  242,20180827,   47,    8
  242,20180828,   61,   11
  242,20180829,   57,   20
  242,20180830,   65,   16
  242,20180831,   58,   12
  242,20180901,   65,   12
  242,20180902,   65,   16
  242,20180903,   56,   14
  242,20180904,   46,   17
  242,20180905,   56,   12
  242,20180906,   34,   19
  242,20180907,   58,   11
  242,20180908,   59,   21
  242,20180909,   62,   17
  242,20180910,   62,    8
  242,20180911,   27,    1
  242,20180912,   44,   15
  242,20180913,   65,    9
  242,20180914,   62,    9
  242,20180915,   50,   19
  242,20180916,   66,   14
  242,20180917,   60,   16
  242,20180918,   57,    6
  242,20180919,   59,    6
  242,20180920,   40,   16
  242,20180921,   31,    1
  242,20180922,   56,   23
  242,20180923,   58,    5
  242,20180924,   57,   23
  242,20180925,   67,   16
  242,20180926,   58,    2
  242,20180927,   57,   11
  242,20180928,   63,   24
  242,20180929,   70,   10
  242,20180930,   58,    1
  242,20181001,   56,    3
  242,20181002,   33,    2
  242,20181003,   59,   12
  242,20181004,   57,    9
  242,20181005,    0,   16
  242,20181006,    1,   24
  242,20181007,   68,    9
  242,20181008,   65,    5
  242,20181009,   59,    9
  242,20181010,   10,    1
  242,20181011,   56,   14
  242,20181012,   63,   11
  242,20181013,   65,   15
  242,20181014,   46,    1
  242,20181015,   23,   13
  242,20181016,   16,   15
  242,20181017,   40,   10
  242,20181018,   66,   15
  242,20181019,   65,   11
  242,20181020,   61,    3
  242,20181021,   25,    1
  242,20181022,   60,    1
  242,20181023,   56,    1
  242,20181024,   33,   15
  242,20181025,   25,    1
  242,20181026,   50,   16
  242,20181027,   17,   12
  242,20181028,   58,   14
  242,20181029,   70,    1
  242,20181030,   29,   12
  242,20181031,   57,    8
  242,20181101,   33,    7
  242,20181102,   50,   15
  242,20181103,   59,   13
  242,20181104,   21,    6
  242,20181105,   19,   12
  242,20181106,   16,   15
  242,20181107,   61,   14
  242,20181108,   62,   14
  242,20181109,   56,    1
  242,20181110,   49,    4
  242,20181111,   59,   11
  242,20181112,   33,   15
  242,20181113,   50,    4
  242,20181114,   56,   15
  242,20181115,   45,    1
  242,20181116,    2,    3
  242,20181117,   56,   14
